(kicad_pcb (version 20170123) (host pcbnew "(2017-02-22 revision 4c83b0a94)-master")

  (general
    (links 100)
    (no_connects 100)
    (area 0 0 0 0)
    (thickness 1.6)
    (drawings 10)
    (tracks 0)
    (zones 0)
    (modules 44)
    (nets 48)
  )

  (page A4)
  (title_block
    (title "Theft-Aware Interet of Things Multi-Sensor")
    (company "Senior Citizens")
  )

  (layers
    (0 F.Cu signal)
    (31 B.Cu signal)
    (32 B.Adhes user)
    (33 F.Adhes user)
    (34 B.Paste user)
    (35 F.Paste user)
    (36 B.SilkS user)
    (37 F.SilkS user)
    (38 B.Mask user)
    (39 F.Mask user)
    (40 Dwgs.User user)
    (41 Cmts.User user)
    (42 Eco1.User user)
    (43 Eco2.User user)
    (44 Edge.Cuts user)
    (45 Margin user)
    (46 B.CrtYd user)
    (47 F.CrtYd user)
    (48 B.Fab user)
  )

  (setup
    (last_trace_width 0.25)
    (trace_clearance 0.25)
    (zone_clearance 0.508)
    (zone_45_only no)
    (trace_min 0.01)
    (segment_width 0.2)
    (edge_width 0.15)
    (via_size 0.8)
    (via_drill 0.4)
    (via_min_size 0.4)
    (via_min_drill 0.3)
    (uvia_size 0.3)
    (uvia_drill 0.1)
    (uvias_allowed no)
    (uvia_min_size 0.2)
    (uvia_min_drill 0.1)
    (pcb_text_width 0.3)
    (pcb_text_size 1.5 1.5)
    (mod_edge_width 0.15)
    (mod_text_size 1 1)
    (mod_text_width 0.15)
    (pad_size 1.524 1.524)
    (pad_drill 0.762)
    (pad_to_mask_clearance 0.2)
    (aux_axis_origin 0 0)
    (grid_origin 112.825594 50.252242)
    (visible_elements FFFFEF7F)
    (pcbplotparams
      (layerselection 0x00030_ffffffff)
      (usegerberextensions false)
      (excludeedgelayer true)
      (linewidth 0.100000)
      (plotframeref false)
      (viasonmask false)
      (mode 1)
      (useauxorigin false)
      (hpglpennumber 1)
      (hpglpenspeed 20)
      (hpglpendiameter 15)
      (psnegative false)
      (psa4output false)
      (plotreference true)
      (plotvalue true)
      (plotinvisibletext false)
      (padsonsilk false)
      (subtractmaskfromsilk false)
      (outputformat 1)
      (mirror false)
      (drillshape 1)
      (scaleselection 1)
      (outputdirectory ""))
  )

  (net 0 "")
  (net 1 "Net-(IC1-Pad23)")
  (net 2 "Net-(IC1-Pad22)")
  (net 3 GND)
  (net 4 "Net-(IC1-Pad20)")
  (net 5 "Net-(IC1-Pad16)")
  (net 6 "Net-(IC1-Pad15)")
  (net 7 "Net-(IC1-Pad14)")
  (net 8 VCC)
  (net 9 /SCL)
  (net 10 3V3)
  (net 11 AlarmBuzzer)
  (net 12 "Net-(C4-Pad2)")
  (net 13 "Net-(C5-Pad1)")
  (net 14 "Net-(C6-Pad1)")
  (net 15 "Net-(C7-Pad1)")
  (net 16 "Net-(C8-Pad2)")
  (net 17 "Net-(C9-Pad1)")
  (net 18 "Net-(D1-Pad1)")
  (net 19 RedLED)
  (net 20 BlueLED)
  (net 21 "Net-(D2-Pad1)")
  (net 22 INT1)
  (net 23 BL_TXD)
  (net 24 BL_RXD)
  (net 25 ResetButton)
  (net 26 /SDA)
  (net 27 PIR_OUT)
  (net 28 ConnectedButton)
  (net 29 BatteryLowAlert)
  (net 30 FuelGaugeRestart)
  (net 31 "Net-(IC1-Pad6)")
  (net 32 "Net-(J3-Pad6)")
  (net 33 "Net-(J3-Pad1)")
  (net 34 "Net-(L1-Pad1)")
  (net 35 "Net-(R5-Pad1)")
  (net 36 /3.3V)
  (net 37 /5V)
  (net 38 "Net-(J1-Pad7)")
  (net 39 "Net-(J1-Pad6)")
  (net 40 "Net-(J1-Pad4)")
  (net 41 "Net-(J1-Pad2)")
  (net 42 "Net-(IC1-Pad11)")
  (net 43 "Net-(IC1-Pad10)")
  (net 44 "Net-(IC1-Pad9)")
  (net 45 "Net-(IC1-Pad12)")
  (net 46 "Net-(IC1-Pad24)")
  (net 47 "Net-(IC1-Pad26)")

  (net_class Default "This is the default net class."
    (clearance 0.25)
    (trace_width 0.25)
    (via_dia 0.8)
    (via_drill 0.4)
    (uvia_dia 0.3)
    (uvia_drill 0.1)
    (diff_pair_gap 0.25)
    (diff_pair_width 0.25)
    (add_net /SCL)
    (add_net /SDA)
    (add_net "Net-(C4-Pad2)")
    (add_net "Net-(C5-Pad1)")
    (add_net "Net-(C6-Pad1)")
    (add_net "Net-(C7-Pad1)")
    (add_net "Net-(C8-Pad2)")
    (add_net "Net-(C9-Pad1)")
    (add_net "Net-(D1-Pad1)")
    (add_net "Net-(D2-Pad1)")
    (add_net "Net-(IC1-Pad10)")
    (add_net "Net-(IC1-Pad11)")
    (add_net "Net-(IC1-Pad12)")
    (add_net "Net-(IC1-Pad14)")
    (add_net "Net-(IC1-Pad15)")
    (add_net "Net-(IC1-Pad16)")
    (add_net "Net-(IC1-Pad20)")
    (add_net "Net-(IC1-Pad22)")
    (add_net "Net-(IC1-Pad23)")
    (add_net "Net-(IC1-Pad24)")
    (add_net "Net-(IC1-Pad26)")
    (add_net "Net-(IC1-Pad6)")
    (add_net "Net-(IC1-Pad9)")
    (add_net "Net-(J1-Pad2)")
    (add_net "Net-(J1-Pad4)")
    (add_net "Net-(J1-Pad6)")
    (add_net "Net-(J1-Pad7)")
    (add_net "Net-(J3-Pad1)")
    (add_net "Net-(J3-Pad6)")
    (add_net "Net-(L1-Pad1)")
    (add_net "Net-(R5-Pad1)")
    (add_net RedLED)
    (add_net ResetButton)
  )

  (net_class Power ""
    (clearance 0.2)
    (trace_width 0.2)
    (via_dia 0.8)
    (via_drill 0.4)
    (uvia_dia 0.3)
    (uvia_drill 0.1)
    (add_net /3.3V)
    (add_net /5V)
    (add_net 3V3)
    (add_net BlueLED)
    (add_net GND)
    (add_net VCC)
  )

  (net_class Signal ""
    (clearance 0.1)
    (trace_width 0.1)
    (via_dia 0.8)
    (via_drill 0.4)
    (uvia_dia 0.3)
    (uvia_drill 0.1)
    (diff_pair_gap 0.25)
    (diff_pair_width 0.1)
    (add_net AlarmBuzzer)
    (add_net BL_RXD)
    (add_net BL_TXD)
    (add_net BatteryLowAlert)
    (add_net ConnectedButton)
    (add_net FuelGaugeRestart)
    (add_net INT1)
    (add_net PIR_OUT)
  )

  (module Pin_Headers:Pin_Header_Straight_1x06_Pitch2.00mm (layer F.Cu) (tedit 5862ED55) (tstamp 58CAC0B2)
    (at 159.677226 70.485854 180)
    (descr "Through hole straight pin header, 1x06, 2.00mm pitch, single row")
    (tags "Through hole pin header THT 1x06 2.00mm single row")
    (path /58CB47EB)
    (fp_text reference J3 (at 2.415594 -0.187758 180) (layer F.SilkS)
      (effects (font (size 1 1) (thickness 0.15)))
    )
    (fp_text value "JY-MCU HC-05 Pins" (at 2.915594 4.712242 270) (layer F.Fab)
      (effects (font (size 1 1) (thickness 0.15)))
    )
    (fp_line (start -1 -1) (end -1 11) (layer F.Fab) (width 0.1))
    (fp_line (start -1 11) (end 1 11) (layer F.Fab) (width 0.1))
    (fp_line (start 1 11) (end 1 -1) (layer F.Fab) (width 0.1))
    (fp_line (start 1 -1) (end -1 -1) (layer F.Fab) (width 0.1))
    (fp_line (start -1.12 1) (end -1.12 11.12) (layer F.SilkS) (width 0.12))
    (fp_line (start -1.12 11.12) (end 1.12 11.12) (layer F.SilkS) (width 0.12))
    (fp_line (start 1.12 11.12) (end 1.12 1) (layer F.SilkS) (width 0.12))
    (fp_line (start 1.12 1) (end -1.12 1) (layer F.SilkS) (width 0.12))
    (fp_line (start -1.12 0) (end -1.12 -1.12) (layer F.SilkS) (width 0.12))
    (fp_line (start -1.12 -1.12) (end 0 -1.12) (layer F.SilkS) (width 0.12))
    (fp_line (start -1.3 -1.3) (end -1.3 11.3) (layer F.CrtYd) (width 0.05))
    (fp_line (start -1.3 11.3) (end 1.3 11.3) (layer F.CrtYd) (width 0.05))
    (fp_line (start 1.3 11.3) (end 1.3 -1.3) (layer F.CrtYd) (width 0.05))
    (fp_line (start 1.3 -1.3) (end -1.3 -1.3) (layer F.CrtYd) (width 0.05))
    (pad 1 thru_hole rect (at 0 0 180) (size 1.35 1.35) (drill 0.8) (layers *.Cu *.Mask)
      (net 33 "Net-(J3-Pad1)"))
    (pad 2 thru_hole oval (at 0 2 180) (size 1.35 1.35) (drill 0.8) (layers *.Cu *.Mask)
      (net 10 3V3))
    (pad 3 thru_hole oval (at 0 4 180) (size 1.35 1.35) (drill 0.8) (layers *.Cu *.Mask)
      (net 3 GND))
    (pad 4 thru_hole oval (at 0 6 180) (size 1.35 1.35) (drill 0.8) (layers *.Cu *.Mask)
      (net 23 BL_TXD))
    (pad 5 thru_hole oval (at 0 8 180) (size 1.35 1.35) (drill 0.8) (layers *.Cu *.Mask)
      (net 24 BL_RXD))
    (pad 6 thru_hole oval (at 0 10 180) (size 1.35 1.35) (drill 0.8) (layers *.Cu *.Mask)
      (net 32 "Net-(J3-Pad6)"))
    (model Pin_Headers.3dshapes/Pin_Header_Straight_1x06_Pitch2.00mm.wrl
      (at (xyz 0 0 0))
      (scale (xyz 1 1 1))
      (rotate (xyz 0 0 0))
    )
  )

  (module Pin_Headers:Pin_Header_Straight_1x09_Pitch2.54mm (layer F.Cu) (tedit 5862ED52) (tstamp 58CAC0A1)
    (at 177.625594 62.252242)
    (descr "Through hole straight pin header, 1x09, 2.54mm pitch, single row")
    (tags "Through hole pin header THT 1x09 2.54mm single row")
    (path /58C7D27F)
    (fp_text reference J1 (at 2.6 -0.7) (layer F.SilkS)
      (effects (font (size 1 1) (thickness 0.15)))
    )
    (fp_text value "ADXL345 Connector" (at 2.8 10 90) (layer F.Fab)
      (effects (font (size 1 1) (thickness 0.15)))
    )
    (fp_line (start -1.27 -1.27) (end -1.27 21.59) (layer F.Fab) (width 0.1))
    (fp_line (start -1.27 21.59) (end 1.27 21.59) (layer F.Fab) (width 0.1))
    (fp_line (start 1.27 21.59) (end 1.27 -1.27) (layer F.Fab) (width 0.1))
    (fp_line (start 1.27 -1.27) (end -1.27 -1.27) (layer F.Fab) (width 0.1))
    (fp_line (start -1.39 1.27) (end -1.39 21.71) (layer F.SilkS) (width 0.12))
    (fp_line (start -1.39 21.71) (end 1.39 21.71) (layer F.SilkS) (width 0.12))
    (fp_line (start 1.39 21.71) (end 1.39 1.27) (layer F.SilkS) (width 0.12))
    (fp_line (start 1.39 1.27) (end -1.39 1.27) (layer F.SilkS) (width 0.12))
    (fp_line (start -1.39 0) (end -1.39 -1.39) (layer F.SilkS) (width 0.12))
    (fp_line (start -1.39 -1.39) (end 0 -1.39) (layer F.SilkS) (width 0.12))
    (fp_line (start -1.6 -1.6) (end -1.6 21.9) (layer F.CrtYd) (width 0.05))
    (fp_line (start -1.6 21.9) (end 1.6 21.9) (layer F.CrtYd) (width 0.05))
    (fp_line (start 1.6 21.9) (end 1.6 -1.6) (layer F.CrtYd) (width 0.05))
    (fp_line (start 1.6 -1.6) (end -1.6 -1.6) (layer F.CrtYd) (width 0.05))
    (pad 1 thru_hole rect (at 0 0) (size 1.7 1.7) (drill 1) (layers *.Cu *.Mask)
      (net 10 3V3))
    (pad 2 thru_hole oval (at 0 2.54) (size 1.7 1.7) (drill 1) (layers *.Cu *.Mask)
      (net 41 "Net-(J1-Pad2)"))
    (pad 3 thru_hole oval (at 0 5.08) (size 1.7 1.7) (drill 1) (layers *.Cu *.Mask)
      (net 3 GND))
    (pad 4 thru_hole oval (at 0 7.62) (size 1.7 1.7) (drill 1) (layers *.Cu *.Mask)
      (net 40 "Net-(J1-Pad4)"))
    (pad 5 thru_hole oval (at 0 10.16) (size 1.7 1.7) (drill 1) (layers *.Cu *.Mask)
      (net 22 INT1))
    (pad 6 thru_hole oval (at 0 12.7) (size 1.7 1.7) (drill 1) (layers *.Cu *.Mask)
      (net 39 "Net-(J1-Pad6)"))
    (pad 7 thru_hole oval (at 0 15.24) (size 1.7 1.7) (drill 1) (layers *.Cu *.Mask)
      (net 38 "Net-(J1-Pad7)"))
    (pad 8 thru_hole oval (at 0 17.78) (size 1.7 1.7) (drill 1) (layers *.Cu *.Mask)
      (net 26 /SDA))
    (pad 9 thru_hole oval (at 0 20.32) (size 1.7 1.7) (drill 1) (layers *.Cu *.Mask)
      (net 9 /SCL))
    (model Pin_Headers.3dshapes/Pin_Header_Straight_1x09_Pitch2.54mm.wrl
      (at (xyz 0 -0.4 0))
      (scale (xyz 1 1 1))
      (rotate (xyz 0 0 90))
    )
  )

  (module T-AIM:AT-1220-TT-9-R placed (layer F.Cu) (tedit 58C6F13E) (tstamp 58CAC009)
    (at 184.21 105.92)
    (path /58CB4780)
    (fp_text reference BZ1 (at 0.2 -3.2) (layer F.SilkS)
      (effects (font (size 1 1) (thickness 0.15)))
    )
    (fp_text value "Alarm Buzzer" (at 0.3 -7) (layer F.Fab)
      (effects (font (size 1 1) (thickness 0.15)))
    )
    (fp_circle (center 0 0) (end 6 0) (layer F.SilkS) (width 0.12))
    (fp_text user + (at -3.2 -1.7) (layer F.SilkS)
      (effects (font (size 1 1) (thickness 0.15)))
    )
    (fp_text user - (at 3.2 -1.6) (layer F.SilkS)
      (effects (font (size 1 1) (thickness 0.15)))
    )
    (pad 1 thru_hole circle (at -3.25 0) (size 1.45 1.45) (drill 0.95) (layers *.Cu *.Mask)
      (net 11 AlarmBuzzer))
    (pad 2 thru_hole circle (at 3.25 0) (size 1.45 1.45) (drill 0.95) (layers *.Cu *.Mask)
      (net 3 GND))
  )

  (module Capacitors_SMD:C_1812_HandSoldering placed (layer F.Cu) (tedit 58AA8525) (tstamp 58CAC00F)
    (at 142.325594 106.852242 270)
    (descr "Capacitor SMD 1812, hand soldering")
    (tags "capacitor 1812")
    (path /58CB4870)
    (attr smd)
    (fp_text reference C1 (at 0 2.5 270) (layer F.SilkS)
      (effects (font (size 1 1) (thickness 0.15)))
    )
    (fp_text value 10uF (at 0 2.75 270) (layer F.Fab)
      (effects (font (size 1 1) (thickness 0.15)))
    )
    (fp_text user %R (at 0 2.5 270) (layer F.Fab)
      (effects (font (size 1 1) (thickness 0.15)))
    )
    (fp_line (start -2.25 1.6) (end -2.25 -1.6) (layer F.Fab) (width 0.1))
    (fp_line (start 2.3 1.6) (end -2.25 1.6) (layer F.Fab) (width 0.1))
    (fp_line (start 2.3 -1.6) (end 2.3 1.6) (layer F.Fab) (width 0.1))
    (fp_line (start -2.25 -1.6) (end 2.3 -1.6) (layer F.Fab) (width 0.1))
    (fp_line (start 1.8 -1.73) (end -1.8 -1.73) (layer F.SilkS) (width 0.12))
    (fp_line (start -1.8 1.73) (end 1.8 1.73) (layer F.SilkS) (width 0.12))
    (fp_line (start -4.25 -1.85) (end 4.25 -1.85) (layer F.CrtYd) (width 0.05))
    (fp_line (start -4.25 -1.85) (end -4.25 1.85) (layer F.CrtYd) (width 0.05))
    (fp_line (start 4.25 1.85) (end 4.25 -1.85) (layer F.CrtYd) (width 0.05))
    (fp_line (start 4.25 1.85) (end -4.25 1.85) (layer F.CrtYd) (width 0.05))
    (pad 1 smd rect (at -2.9 0 270) (size 2.2 3) (layers F.Cu F.Paste F.Mask)
      (net 8 VCC))
    (pad 2 smd rect (at 2.9 0 270) (size 2.2 3) (layers F.Cu F.Paste F.Mask)
      (net 3 GND))
    (model Capacitors_SMD.3dshapes/C_1812.wrl
      (at (xyz 0 0 0))
      (scale (xyz 1 1 1))
      (rotate (xyz 0 0 0))
    )
  )

  (module Capacitors_SMD:CP_Elec_5x5.3 placed (layer F.Cu) (tedit 58AA8A8F) (tstamp 58CAC015)
    (at 177.625594 97.152242 270)
    (descr "SMT capacitor, aluminium electrolytic, 5x5.3")
    (path /58CB4852)
    (attr smd)
    (fp_text reference C2 (at -0.1 -3.4 270) (layer F.SilkS)
      (effects (font (size 1 1) (thickness 0.15)))
    )
    (fp_text value 10uF (at 0 -3.92 270) (layer F.Fab)
      (effects (font (size 1 1) (thickness 0.15)))
    )
    (fp_line (start 3.95 2.74) (end -3.95 2.74) (layer F.CrtYd) (width 0.05))
    (fp_line (start 3.95 2.74) (end 3.95 -2.79) (layer F.CrtYd) (width 0.05))
    (fp_line (start -3.95 -2.79) (end -3.95 2.74) (layer F.CrtYd) (width 0.05))
    (fp_line (start -3.95 -2.79) (end 3.95 -2.79) (layer F.CrtYd) (width 0.05))
    (fp_line (start -1.91 2.64) (end 2.67 2.64) (layer F.SilkS) (width 0.12))
    (fp_line (start -2.67 1.88) (end -1.91 2.64) (layer F.SilkS) (width 0.12))
    (fp_line (start -1.91 -2.69) (end -2.67 -1.93) (layer F.SilkS) (width 0.12))
    (fp_line (start 2.67 -2.69) (end -1.91 -2.69) (layer F.SilkS) (width 0.12))
    (fp_line (start -2.67 -1.93) (end -2.67 -1.14) (layer F.SilkS) (width 0.12))
    (fp_line (start -2.67 1.88) (end -2.67 1.09) (layer F.SilkS) (width 0.12))
    (fp_line (start 2.67 2.64) (end 2.67 1.09) (layer F.SilkS) (width 0.12))
    (fp_line (start 2.67 -2.69) (end 2.67 -1.14) (layer F.SilkS) (width 0.12))
    (fp_line (start 2.51 -2.54) (end -1.84 -2.54) (layer F.Fab) (width 0.1))
    (fp_line (start -1.84 -2.54) (end -2.51 -1.87) (layer F.Fab) (width 0.1))
    (fp_line (start -2.51 -1.87) (end -2.51 1.82) (layer F.Fab) (width 0.1))
    (fp_line (start -2.51 1.82) (end -1.84 2.49) (layer F.Fab) (width 0.1))
    (fp_line (start -1.84 2.49) (end 2.51 2.49) (layer F.Fab) (width 0.1))
    (fp_line (start 2.51 2.49) (end 2.51 -2.54) (layer F.Fab) (width 0.1))
    (fp_text user %R (at 0 -3.4 270) (layer F.Fab)
      (effects (font (size 1 1) (thickness 0.15)))
    )
    (fp_text user + (at -3.38 2.34 270) (layer F.SilkS)
      (effects (font (size 1 1) (thickness 0.15)))
    )
    (fp_text user + (at -1.37 -0.08 270) (layer F.Fab)
      (effects (font (size 1 1) (thickness 0.15)))
    )
    (fp_circle (center 0 0) (end 0.3 2.4) (layer F.Fab) (width 0.1))
    (pad 2 smd rect (at 2.2 0 90) (size 3 1.6) (layers F.Cu F.Paste F.Mask)
      (net 3 GND))
    (pad 1 smd rect (at -2.2 0 90) (size 3 1.6) (layers F.Cu F.Paste F.Mask)
      (net 10 3V3))
    (model Capacitors_SMD.3dshapes/CP_Elec_5x5.3.wrl
      (at (xyz 0 0 0))
      (scale (xyz 1 1 1))
      (rotate (xyz 0 0 180))
    )
  )

  (module Capacitors_SMD:C_1812_HandSoldering placed (layer F.Cu) (tedit 58AA8525) (tstamp 58CAC01B)
    (at 171.625594 97.352242 270)
    (descr "Capacitor SMD 1812, hand soldering")
    (tags "capacitor 1812")
    (path /58CB484B)
    (attr smd)
    (fp_text reference C3 (at 0 -2.5 270) (layer F.SilkS)
      (effects (font (size 1 1) (thickness 0.15)))
    )
    (fp_text value 0.1uF (at 0 2.75 270) (layer F.Fab)
      (effects (font (size 1 1) (thickness 0.15)))
    )
    (fp_line (start 4.25 1.85) (end -4.25 1.85) (layer F.CrtYd) (width 0.05))
    (fp_line (start 4.25 1.85) (end 4.25 -1.85) (layer F.CrtYd) (width 0.05))
    (fp_line (start -4.25 -1.85) (end -4.25 1.85) (layer F.CrtYd) (width 0.05))
    (fp_line (start -4.25 -1.85) (end 4.25 -1.85) (layer F.CrtYd) (width 0.05))
    (fp_line (start -1.8 1.73) (end 1.8 1.73) (layer F.SilkS) (width 0.12))
    (fp_line (start 1.8 -1.73) (end -1.8 -1.73) (layer F.SilkS) (width 0.12))
    (fp_line (start -2.25 -1.6) (end 2.3 -1.6) (layer F.Fab) (width 0.1))
    (fp_line (start 2.3 -1.6) (end 2.3 1.6) (layer F.Fab) (width 0.1))
    (fp_line (start 2.3 1.6) (end -2.25 1.6) (layer F.Fab) (width 0.1))
    (fp_line (start -2.25 1.6) (end -2.25 -1.6) (layer F.Fab) (width 0.1))
    (fp_text user %R (at 0 2.4 270) (layer F.Fab)
      (effects (font (size 1 1) (thickness 0.15)))
    )
    (pad 2 smd rect (at 2.9 0 270) (size 2.2 3) (layers F.Cu F.Paste F.Mask)
      (net 3 GND))
    (pad 1 smd rect (at -2.9 0 270) (size 2.2 3) (layers F.Cu F.Paste F.Mask)
      (net 10 3V3))
    (model Capacitors_SMD.3dshapes/C_1812.wrl
      (at (xyz 0 0 0))
      (scale (xyz 1 1 1))
      (rotate (xyz 0 0 0))
    )
  )

  (module Capacitors_SMD:C_1812_HandSoldering placed (layer F.Cu) (tedit 58AA8525) (tstamp 58CAC021)
    (at 137.325594 106.852242 270)
    (descr "Capacitor SMD 1812, hand soldering")
    (tags "capacitor 1812")
    (path /58CB4877)
    (attr smd)
    (fp_text reference C4 (at 0 2.4 270) (layer F.SilkS)
      (effects (font (size 1 1) (thickness 0.15)))
    )
    (fp_text value 0.1uF (at 0 2.75 270) (layer F.Fab)
      (effects (font (size 1 1) (thickness 0.15)))
    )
    (fp_text user %R (at 0 2.4 270) (layer F.Fab)
      (effects (font (size 1 1) (thickness 0.15)))
    )
    (fp_line (start -2.25 1.6) (end -2.25 -1.6) (layer F.Fab) (width 0.1))
    (fp_line (start 2.3 1.6) (end -2.25 1.6) (layer F.Fab) (width 0.1))
    (fp_line (start 2.3 -1.6) (end 2.3 1.6) (layer F.Fab) (width 0.1))
    (fp_line (start -2.25 -1.6) (end 2.3 -1.6) (layer F.Fab) (width 0.1))
    (fp_line (start 1.8 -1.73) (end -1.8 -1.73) (layer F.SilkS) (width 0.12))
    (fp_line (start -1.8 1.73) (end 1.8 1.73) (layer F.SilkS) (width 0.12))
    (fp_line (start -4.25 -1.85) (end 4.25 -1.85) (layer F.CrtYd) (width 0.05))
    (fp_line (start -4.25 -1.85) (end -4.25 1.85) (layer F.CrtYd) (width 0.05))
    (fp_line (start 4.25 1.85) (end 4.25 -1.85) (layer F.CrtYd) (width 0.05))
    (fp_line (start 4.25 1.85) (end -4.25 1.85) (layer F.CrtYd) (width 0.05))
    (pad 1 smd rect (at -2.9 0 270) (size 2.2 3) (layers F.Cu F.Paste F.Mask)
      (net 8 VCC))
    (pad 2 smd rect (at 2.9 0 270) (size 2.2 3) (layers F.Cu F.Paste F.Mask)
      (net 12 "Net-(C4-Pad2)"))
    (model Capacitors_SMD.3dshapes/C_1812.wrl
      (at (xyz 0 0 0))
      (scale (xyz 1 1 1))
      (rotate (xyz 0 0 0))
    )
  )

  (module Capacitors_SMD:CP_Elec_5x5.3 placed (layer F.Cu) (tedit 58AA8A8F) (tstamp 58CAC027)
    (at 147.184946 77.812232 90)
    (descr "SMT capacitor, aluminium electrolytic, 5x5.3")
    (path /58CB482C)
    (attr smd)
    (fp_text reference C5 (at 0 -3.4 90) (layer F.SilkS)
      (effects (font (size 1 1) (thickness 0.15)))
    )
    (fp_text value 1uF (at 0 -3.92 90) (layer F.Fab)
      (effects (font (size 1 1) (thickness 0.15)))
    )
    (fp_line (start 3.95 2.74) (end -3.95 2.74) (layer F.CrtYd) (width 0.05))
    (fp_line (start 3.95 2.74) (end 3.95 -2.79) (layer F.CrtYd) (width 0.05))
    (fp_line (start -3.95 -2.79) (end -3.95 2.74) (layer F.CrtYd) (width 0.05))
    (fp_line (start -3.95 -2.79) (end 3.95 -2.79) (layer F.CrtYd) (width 0.05))
    (fp_line (start -1.91 2.64) (end 2.67 2.64) (layer F.SilkS) (width 0.12))
    (fp_line (start -2.67 1.88) (end -1.91 2.64) (layer F.SilkS) (width 0.12))
    (fp_line (start -1.91 -2.69) (end -2.67 -1.93) (layer F.SilkS) (width 0.12))
    (fp_line (start 2.67 -2.69) (end -1.91 -2.69) (layer F.SilkS) (width 0.12))
    (fp_line (start -2.67 -1.93) (end -2.67 -1.14) (layer F.SilkS) (width 0.12))
    (fp_line (start -2.67 1.88) (end -2.67 1.09) (layer F.SilkS) (width 0.12))
    (fp_line (start 2.67 2.64) (end 2.67 1.09) (layer F.SilkS) (width 0.12))
    (fp_line (start 2.67 -2.69) (end 2.67 -1.14) (layer F.SilkS) (width 0.12))
    (fp_line (start 2.51 -2.54) (end -1.84 -2.54) (layer F.Fab) (width 0.1))
    (fp_line (start -1.84 -2.54) (end -2.51 -1.87) (layer F.Fab) (width 0.1))
    (fp_line (start -2.51 -1.87) (end -2.51 1.82) (layer F.Fab) (width 0.1))
    (fp_line (start -2.51 1.82) (end -1.84 2.49) (layer F.Fab) (width 0.1))
    (fp_line (start -1.84 2.49) (end 2.51 2.49) (layer F.Fab) (width 0.1))
    (fp_line (start 2.51 2.49) (end 2.51 -2.54) (layer F.Fab) (width 0.1))
    (fp_text user %R (at 0 3.3 90) (layer F.Fab)
      (effects (font (size 1 1) (thickness 0.15)))
    )
    (fp_text user + (at -3.38 2.34 90) (layer F.SilkS)
      (effects (font (size 1 1) (thickness 0.15)))
    )
    (fp_text user + (at -1.37 -0.08 90) (layer F.Fab)
      (effects (font (size 1 1) (thickness 0.15)))
    )
    (fp_circle (center 0 0) (end 0.3 2.4) (layer F.Fab) (width 0.1))
    (pad 2 smd rect (at 2.2 0 270) (size 3 1.6) (layers F.Cu F.Paste F.Mask)
      (net 3 GND))
    (pad 1 smd rect (at -2.2 0 270) (size 3 1.6) (layers F.Cu F.Paste F.Mask)
      (net 13 "Net-(C5-Pad1)"))
    (model Capacitors_SMD.3dshapes/CP_Elec_5x5.3.wrl
      (at (xyz 0 0 0))
      (scale (xyz 1 1 1))
      (rotate (xyz 0 0 180))
    )
  )

  (module Capacitors_SMD:CP_Elec_5x5.3 placed (layer F.Cu) (tedit 58AA8A8F) (tstamp 58CAC02D)
    (at 147.184946 86.012232 270)
    (descr "SMT capacitor, aluminium electrolytic, 5x5.3")
    (path /58CB481C)
    (attr smd)
    (fp_text reference C6 (at 0 3.3 270) (layer F.SilkS)
      (effects (font (size 1 1) (thickness 0.15)))
    )
    (fp_text value 10nF (at 0 -3.5 270) (layer F.Fab)
      (effects (font (size 1 1) (thickness 0.15)))
    )
    (fp_circle (center 0 0) (end 0.3 2.4) (layer F.Fab) (width 0.1))
    (fp_text user + (at -1.37 -0.08 270) (layer F.Fab)
      (effects (font (size 1 1) (thickness 0.15)))
    )
    (fp_text user + (at -3.38 2.34 270) (layer F.SilkS)
      (effects (font (size 1 1) (thickness 0.15)))
    )
    (fp_text user %R (at 0 3.3 270) (layer F.Fab)
      (effects (font (size 1 1) (thickness 0.15)))
    )
    (fp_line (start 2.51 2.49) (end 2.51 -2.54) (layer F.Fab) (width 0.1))
    (fp_line (start -1.84 2.49) (end 2.51 2.49) (layer F.Fab) (width 0.1))
    (fp_line (start -2.51 1.82) (end -1.84 2.49) (layer F.Fab) (width 0.1))
    (fp_line (start -2.51 -1.87) (end -2.51 1.82) (layer F.Fab) (width 0.1))
    (fp_line (start -1.84 -2.54) (end -2.51 -1.87) (layer F.Fab) (width 0.1))
    (fp_line (start 2.51 -2.54) (end -1.84 -2.54) (layer F.Fab) (width 0.1))
    (fp_line (start 2.67 -2.69) (end 2.67 -1.14) (layer F.SilkS) (width 0.12))
    (fp_line (start 2.67 2.64) (end 2.67 1.09) (layer F.SilkS) (width 0.12))
    (fp_line (start -2.67 1.88) (end -2.67 1.09) (layer F.SilkS) (width 0.12))
    (fp_line (start -2.67 -1.93) (end -2.67 -1.14) (layer F.SilkS) (width 0.12))
    (fp_line (start 2.67 -2.69) (end -1.91 -2.69) (layer F.SilkS) (width 0.12))
    (fp_line (start -1.91 -2.69) (end -2.67 -1.93) (layer F.SilkS) (width 0.12))
    (fp_line (start -2.67 1.88) (end -1.91 2.64) (layer F.SilkS) (width 0.12))
    (fp_line (start -1.91 2.64) (end 2.67 2.64) (layer F.SilkS) (width 0.12))
    (fp_line (start -3.95 -2.79) (end 3.95 -2.79) (layer F.CrtYd) (width 0.05))
    (fp_line (start -3.95 -2.79) (end -3.95 2.74) (layer F.CrtYd) (width 0.05))
    (fp_line (start 3.95 2.74) (end 3.95 -2.79) (layer F.CrtYd) (width 0.05))
    (fp_line (start 3.95 2.74) (end -3.95 2.74) (layer F.CrtYd) (width 0.05))
    (pad 1 smd rect (at -2.2 0 90) (size 3 1.6) (layers F.Cu F.Paste F.Mask)
      (net 14 "Net-(C6-Pad1)"))
    (pad 2 smd rect (at 2.2 0 90) (size 3 1.6) (layers F.Cu F.Paste F.Mask)
      (net 3 GND))
    (model Capacitors_SMD.3dshapes/CP_Elec_5x5.3.wrl
      (at (xyz 0 0 0))
      (scale (xyz 1 1 1))
      (rotate (xyz 0 0 180))
    )
  )

  (module Capacitors_SMD:C_1812_HandSoldering placed (layer F.Cu) (tedit 58AA8525) (tstamp 58CAC033)
    (at 130.725594 91.252242 180)
    (descr "Capacitor SMD 1812, hand soldering")
    (tags "capacitor 1812")
    (path /58CB4886)
    (attr smd)
    (fp_text reference C7 (at 0.2 2.4 180) (layer F.SilkS)
      (effects (font (size 1 1) (thickness 0.15)))
    )
    (fp_text value 0.1uF (at 0 2.75 180) (layer F.Fab)
      (effects (font (size 1 1) (thickness 0.15)))
    )
    (fp_text user %R (at 0 -2.75 180) (layer F.Fab)
      (effects (font (size 1 1) (thickness 0.15)))
    )
    (fp_line (start -2.25 1.6) (end -2.25 -1.6) (layer F.Fab) (width 0.1))
    (fp_line (start 2.3 1.6) (end -2.25 1.6) (layer F.Fab) (width 0.1))
    (fp_line (start 2.3 -1.6) (end 2.3 1.6) (layer F.Fab) (width 0.1))
    (fp_line (start -2.25 -1.6) (end 2.3 -1.6) (layer F.Fab) (width 0.1))
    (fp_line (start 1.8 -1.73) (end -1.8 -1.73) (layer F.SilkS) (width 0.12))
    (fp_line (start -1.8 1.73) (end 1.8 1.73) (layer F.SilkS) (width 0.12))
    (fp_line (start -4.25 -1.85) (end 4.25 -1.85) (layer F.CrtYd) (width 0.05))
    (fp_line (start -4.25 -1.85) (end -4.25 1.85) (layer F.CrtYd) (width 0.05))
    (fp_line (start 4.25 1.85) (end 4.25 -1.85) (layer F.CrtYd) (width 0.05))
    (fp_line (start 4.25 1.85) (end -4.25 1.85) (layer F.CrtYd) (width 0.05))
    (pad 1 smd rect (at -2.9 0 180) (size 2.2 3) (layers F.Cu F.Paste F.Mask)
      (net 15 "Net-(C7-Pad1)"))
    (pad 2 smd rect (at 2.9 0 180) (size 2.2 3) (layers F.Cu F.Paste F.Mask)
      (net 3 GND))
    (model Capacitors_SMD.3dshapes/C_1812.wrl
      (at (xyz 0 0 0))
      (scale (xyz 1 1 1))
      (rotate (xyz 0 0 0))
    )
  )

  (module Capacitors_SMD:C_1812_HandSoldering placed (layer F.Cu) (tedit 58AA8525) (tstamp 58CAC039)
    (at 152.925594 92.452242)
    (descr "Capacitor SMD 1812, hand soldering")
    (tags "capacitor 1812")
    (path /58CB4971)
    (attr smd)
    (fp_text reference C8 (at 0 -2.4) (layer F.SilkS)
      (effects (font (size 1 1) (thickness 0.15)))
    )
    (fp_text value 22pF (at 0 2.75) (layer F.Fab)
      (effects (font (size 1 1) (thickness 0.15)))
    )
    (fp_line (start 4.25 1.85) (end -4.25 1.85) (layer F.CrtYd) (width 0.05))
    (fp_line (start 4.25 1.85) (end 4.25 -1.85) (layer F.CrtYd) (width 0.05))
    (fp_line (start -4.25 -1.85) (end -4.25 1.85) (layer F.CrtYd) (width 0.05))
    (fp_line (start -4.25 -1.85) (end 4.25 -1.85) (layer F.CrtYd) (width 0.05))
    (fp_line (start -1.8 1.73) (end 1.8 1.73) (layer F.SilkS) (width 0.12))
    (fp_line (start 1.8 -1.73) (end -1.8 -1.73) (layer F.SilkS) (width 0.12))
    (fp_line (start -2.25 -1.6) (end 2.3 -1.6) (layer F.Fab) (width 0.1))
    (fp_line (start 2.3 -1.6) (end 2.3 1.6) (layer F.Fab) (width 0.1))
    (fp_line (start 2.3 1.6) (end -2.25 1.6) (layer F.Fab) (width 0.1))
    (fp_line (start -2.25 1.6) (end -2.25 -1.6) (layer F.Fab) (width 0.1))
    (fp_text user %R (at 0 -2.75) (layer F.Fab)
      (effects (font (size 1 1) (thickness 0.15)))
    )
    (pad 2 smd rect (at 2.9 0) (size 2.2 3) (layers F.Cu F.Paste F.Mask)
      (net 16 "Net-(C8-Pad2)"))
    (pad 1 smd rect (at -2.9 0) (size 2.2 3) (layers F.Cu F.Paste F.Mask)
      (net 3 GND))
    (model Capacitors_SMD.3dshapes/C_1812.wrl
      (at (xyz 0 0 0))
      (scale (xyz 1 1 1))
      (rotate (xyz 0 0 0))
    )
  )

  (module Capacitors_SMD:C_1812_HandSoldering placed (layer F.Cu) (tedit 58AA8525) (tstamp 58CAC03F)
    (at 152.925594 96.352242 180)
    (descr "Capacitor SMD 1812, hand soldering")
    (tags "capacitor 1812")
    (path /58CB4978)
    (attr smd)
    (fp_text reference C9 (at 0 -2.75 180) (layer F.SilkS)
      (effects (font (size 1 1) (thickness 0.15)))
    )
    (fp_text value 22pF (at 0 2.75 180) (layer F.Fab)
      (effects (font (size 1 1) (thickness 0.15)))
    )
    (fp_text user %R (at 0 -2.75 180) (layer F.Fab)
      (effects (font (size 1 1) (thickness 0.15)))
    )
    (fp_line (start -2.25 1.6) (end -2.25 -1.6) (layer F.Fab) (width 0.1))
    (fp_line (start 2.3 1.6) (end -2.25 1.6) (layer F.Fab) (width 0.1))
    (fp_line (start 2.3 -1.6) (end 2.3 1.6) (layer F.Fab) (width 0.1))
    (fp_line (start -2.25 -1.6) (end 2.3 -1.6) (layer F.Fab) (width 0.1))
    (fp_line (start 1.8 -1.73) (end -1.8 -1.73) (layer F.SilkS) (width 0.12))
    (fp_line (start -1.8 1.73) (end 1.8 1.73) (layer F.SilkS) (width 0.12))
    (fp_line (start -4.25 -1.85) (end 4.25 -1.85) (layer F.CrtYd) (width 0.05))
    (fp_line (start -4.25 -1.85) (end -4.25 1.85) (layer F.CrtYd) (width 0.05))
    (fp_line (start 4.25 1.85) (end 4.25 -1.85) (layer F.CrtYd) (width 0.05))
    (fp_line (start 4.25 1.85) (end -4.25 1.85) (layer F.CrtYd) (width 0.05))
    (pad 1 smd rect (at -2.9 0 180) (size 2.2 3) (layers F.Cu F.Paste F.Mask)
      (net 17 "Net-(C9-Pad1)"))
    (pad 2 smd rect (at 2.9 0 180) (size 2.2 3) (layers F.Cu F.Paste F.Mask)
      (net 3 GND))
    (model Capacitors_SMD.3dshapes/C_1812.wrl
      (at (xyz 0 0 0))
      (scale (xyz 1 1 1))
      (rotate (xyz 0 0 0))
    )
  )

  (module Capacitors_SMD:C_1812_HandSoldering placed (layer F.Cu) (tedit 58AA8525) (tstamp 58CAC045)
    (at 130.725594 96.452242 180)
    (descr "Capacitor SMD 1812, hand soldering")
    (tags "capacitor 1812")
    (path /58CB48A2)
    (attr smd)
    (fp_text reference C10 (at -0.178562 2.605696 180) (layer F.SilkS)
      (effects (font (size 1 1) (thickness 0.15)))
    )
    (fp_text value 22uF (at 0 2.75 180) (layer F.Fab)
      (effects (font (size 1 1) (thickness 0.15)))
    )
    (fp_line (start 4.25 1.85) (end -4.25 1.85) (layer F.CrtYd) (width 0.05))
    (fp_line (start 4.25 1.85) (end 4.25 -1.85) (layer F.CrtYd) (width 0.05))
    (fp_line (start -4.25 -1.85) (end -4.25 1.85) (layer F.CrtYd) (width 0.05))
    (fp_line (start -4.25 -1.85) (end 4.25 -1.85) (layer F.CrtYd) (width 0.05))
    (fp_line (start -1.8 1.73) (end 1.8 1.73) (layer F.SilkS) (width 0.12))
    (fp_line (start 1.8 -1.73) (end -1.8 -1.73) (layer F.SilkS) (width 0.12))
    (fp_line (start -2.25 -1.6) (end 2.3 -1.6) (layer F.Fab) (width 0.1))
    (fp_line (start 2.3 -1.6) (end 2.3 1.6) (layer F.Fab) (width 0.1))
    (fp_line (start 2.3 1.6) (end -2.25 1.6) (layer F.Fab) (width 0.1))
    (fp_line (start -2.25 1.6) (end -2.25 -1.6) (layer F.Fab) (width 0.1))
    (fp_text user %R (at 0 -2.75 180) (layer F.Fab)
      (effects (font (size 1 1) (thickness 0.15)))
    )
    (pad 2 smd rect (at 2.9 0 180) (size 2.2 3) (layers F.Cu F.Paste F.Mask)
      (net 3 GND))
    (pad 1 smd rect (at -2.9 0 180) (size 2.2 3) (layers F.Cu F.Paste F.Mask)
      (net 10 3V3))
    (model Capacitors_SMD.3dshapes/C_1812.wrl
      (at (xyz 0 0 0))
      (scale (xyz 1 1 1))
      (rotate (xyz 0 0 0))
    )
  )

  (module Capacitors_SMD:C_1812_HandSoldering placed (layer F.Cu) (tedit 58AA8525) (tstamp 58CAC04B)
    (at 165.277226 65.005854 90)
    (descr "Capacitor SMD 1812, hand soldering")
    (tags "capacitor 1812")
    (path /58CB483D)
    (attr smd)
    (fp_text reference C11 (at 0 -2.75 90) (layer F.SilkS)
      (effects (font (size 1 1) (thickness 0.15)))
    )
    (fp_text value 0.1uF (at 0 2.75 90) (layer F.Fab)
      (effects (font (size 1 1) (thickness 0.15)))
    )
    (fp_text user %R (at 0 -2.75 90) (layer F.Fab)
      (effects (font (size 1 1) (thickness 0.15)))
    )
    (fp_line (start -2.25 1.6) (end -2.25 -1.6) (layer F.Fab) (width 0.1))
    (fp_line (start 2.3 1.6) (end -2.25 1.6) (layer F.Fab) (width 0.1))
    (fp_line (start 2.3 -1.6) (end 2.3 1.6) (layer F.Fab) (width 0.1))
    (fp_line (start -2.25 -1.6) (end 2.3 -1.6) (layer F.Fab) (width 0.1))
    (fp_line (start 1.8 -1.73) (end -1.8 -1.73) (layer F.SilkS) (width 0.12))
    (fp_line (start -1.8 1.73) (end 1.8 1.73) (layer F.SilkS) (width 0.12))
    (fp_line (start -4.25 -1.85) (end 4.25 -1.85) (layer F.CrtYd) (width 0.05))
    (fp_line (start -4.25 -1.85) (end -4.25 1.85) (layer F.CrtYd) (width 0.05))
    (fp_line (start 4.25 1.85) (end 4.25 -1.85) (layer F.CrtYd) (width 0.05))
    (fp_line (start 4.25 1.85) (end -4.25 1.85) (layer F.CrtYd) (width 0.05))
    (pad 1 smd rect (at -2.9 0 90) (size 2.2 3) (layers F.Cu F.Paste F.Mask)
      (net 10 3V3))
    (pad 2 smd rect (at 2.9 0 90) (size 2.2 3) (layers F.Cu F.Paste F.Mask)
      (net 3 GND))
    (model Capacitors_SMD.3dshapes/C_1812.wrl
      (at (xyz 0 0 0))
      (scale (xyz 1 1 1))
      (rotate (xyz 0 0 0))
    )
  )

  (module Capacitors_SMD:C_1812_HandSoldering placed (layer F.Cu) (tedit 58AA8525) (tstamp 58CAC051)
    (at 173.725594 106.052242)
    (descr "Capacitor SMD 1812, hand soldering")
    (tags "capacitor 1812")
    (path /58CB4834)
    (attr smd)
    (fp_text reference C12 (at 0 -2.75) (layer F.SilkS)
      (effects (font (size 1 1) (thickness 0.15)))
    )
    (fp_text value 0.1uF (at 0 2.75) (layer F.Fab)
      (effects (font (size 1 1) (thickness 0.15)))
    )
    (fp_line (start 4.25 1.85) (end -4.25 1.85) (layer F.CrtYd) (width 0.05))
    (fp_line (start 4.25 1.85) (end 4.25 -1.85) (layer F.CrtYd) (width 0.05))
    (fp_line (start -4.25 -1.85) (end -4.25 1.85) (layer F.CrtYd) (width 0.05))
    (fp_line (start -4.25 -1.85) (end 4.25 -1.85) (layer F.CrtYd) (width 0.05))
    (fp_line (start -1.8 1.73) (end 1.8 1.73) (layer F.SilkS) (width 0.12))
    (fp_line (start 1.8 -1.73) (end -1.8 -1.73) (layer F.SilkS) (width 0.12))
    (fp_line (start -2.25 -1.6) (end 2.3 -1.6) (layer F.Fab) (width 0.1))
    (fp_line (start 2.3 -1.6) (end 2.3 1.6) (layer F.Fab) (width 0.1))
    (fp_line (start 2.3 1.6) (end -2.25 1.6) (layer F.Fab) (width 0.1))
    (fp_line (start -2.25 1.6) (end -2.25 -1.6) (layer F.Fab) (width 0.1))
    (fp_text user %R (at 0 -2.75) (layer F.Fab)
      (effects (font (size 1 1) (thickness 0.15)))
    )
    (pad 2 smd rect (at 2.9 0) (size 2.2 3) (layers F.Cu F.Paste F.Mask)
      (net 3 GND))
    (pad 1 smd rect (at -2.9 0) (size 2.2 3) (layers F.Cu F.Paste F.Mask)
      (net 10 3V3))
    (model Capacitors_SMD.3dshapes/C_1812.wrl
      (at (xyz 0 0 0))
      (scale (xyz 1 1 1))
      (rotate (xyz 0 0 0))
    )
  )

  (module Capacitors_SMD:C_1812_HandSoldering placed (layer F.Cu) (tedit 58AA8525) (tstamp 58CAC057)
    (at 170.825594 64.92 270)
    (descr "Capacitor SMD 1812, hand soldering")
    (tags "capacitor 1812")
    (path /58CB47FF)
    (attr smd)
    (fp_text reference C13 (at 0 -2.75 270) (layer F.SilkS)
      (effects (font (size 1 1) (thickness 0.15)))
    )
    (fp_text value 0.1uF (at 0 2.75 270) (layer F.Fab)
      (effects (font (size 1 1) (thickness 0.15)))
    )
    (fp_line (start 4.25 1.85) (end -4.25 1.85) (layer F.CrtYd) (width 0.05))
    (fp_line (start 4.25 1.85) (end 4.25 -1.85) (layer F.CrtYd) (width 0.05))
    (fp_line (start -4.25 -1.85) (end -4.25 1.85) (layer F.CrtYd) (width 0.05))
    (fp_line (start -4.25 -1.85) (end 4.25 -1.85) (layer F.CrtYd) (width 0.05))
    (fp_line (start -1.8 1.73) (end 1.8 1.73) (layer F.SilkS) (width 0.12))
    (fp_line (start 1.8 -1.73) (end -1.8 -1.73) (layer F.SilkS) (width 0.12))
    (fp_line (start -2.25 -1.6) (end 2.3 -1.6) (layer F.Fab) (width 0.1))
    (fp_line (start 2.3 -1.6) (end 2.3 1.6) (layer F.Fab) (width 0.1))
    (fp_line (start 2.3 1.6) (end -2.25 1.6) (layer F.Fab) (width 0.1))
    (fp_line (start -2.25 1.6) (end -2.25 -1.6) (layer F.Fab) (width 0.1))
    (fp_text user %R (at 0 -2.75 270) (layer F.Fab)
      (effects (font (size 1 1) (thickness 0.15)))
    )
    (pad 2 smd rect (at 2.9 0 270) (size 2.2 3) (layers F.Cu F.Paste F.Mask)
      (net 3 GND))
    (pad 1 smd rect (at -2.9 0 270) (size 2.2 3) (layers F.Cu F.Paste F.Mask)
      (net 10 3V3))
    (model Capacitors_SMD.3dshapes/C_1812.wrl
      (at (xyz 0 0 0))
      (scale (xyz 1 1 1))
      (rotate (xyz 0 0 0))
    )
  )

  (module LEDs:LED_1206 placed (layer F.Cu) (tedit 57FE943C) (tstamp 58CAC05D)
    (at 129.218165 75.242715 180)
    (descr "LED 1206 smd package")
    (tags "LED led 1206 SMD smd SMT smt smdled SMDLED smtled SMTLED")
    (path /58CB4795)
    (attr smd)
    (fp_text reference D1 (at 0 1.590473 180) (layer F.SilkS)
      (effects (font (size 1 1) (thickness 0.15)))
    )
    (fp_text value "Red LED" (at 0 1.7 180) (layer F.Fab)
      (effects (font (size 1 1) (thickness 0.15)))
    )
    (fp_line (start -2.65 -1) (end 2.65 -1) (layer F.CrtYd) (width 0.05))
    (fp_line (start -2.65 1) (end -2.65 -1) (layer F.CrtYd) (width 0.05))
    (fp_line (start 2.65 1) (end -2.65 1) (layer F.CrtYd) (width 0.05))
    (fp_line (start 2.65 -1) (end 2.65 1) (layer F.CrtYd) (width 0.05))
    (fp_line (start -2.45 -0.85) (end 1.6 -0.85) (layer F.SilkS) (width 0.12))
    (fp_line (start -2.45 0.85) (end 1.6 0.85) (layer F.SilkS) (width 0.12))
    (fp_line (start -1.6 0.8) (end -1.6 -0.8) (layer F.Fab) (width 0.1))
    (fp_line (start -1.6 -0.8) (end 1.6 -0.8) (layer F.Fab) (width 0.1))
    (fp_line (start 1.6 -0.8) (end 1.6 0.8) (layer F.Fab) (width 0.1))
    (fp_line (start 1.6 0.8) (end -1.6 0.8) (layer F.Fab) (width 0.1))
    (fp_line (start 0.2 -0.4) (end 0.2 0.4) (layer F.Fab) (width 0.1))
    (fp_line (start 0.2 0.4) (end -0.4 0) (layer F.Fab) (width 0.1))
    (fp_line (start -0.4 0) (end 0.2 -0.4) (layer F.Fab) (width 0.1))
    (fp_line (start -0.45 -0.4) (end -0.45 0.4) (layer F.Fab) (width 0.1))
    (fp_line (start -2.5 -0.85) (end -2.5 0.85) (layer F.SilkS) (width 0.12))
    (pad 1 smd rect (at -1.65 0) (size 1.5 1.5) (layers F.Cu F.Paste F.Mask)
      (net 18 "Net-(D1-Pad1)"))
    (pad 2 smd rect (at 1.65 0) (size 1.5 1.5) (layers F.Cu F.Paste F.Mask)
      (net 19 RedLED))
    (model LEDs.3dshapes/LED_1206.wrl
      (at (xyz 0 0 0))
      (scale (xyz 1 1 1))
      (rotate (xyz 0 0 180))
    )
  )

  (module LEDs:LED_1206 placed (layer F.Cu) (tedit 57FE943C) (tstamp 58CAC063)
    (at 129.218165 78.642715)
    (descr "LED 1206 smd package")
    (tags "LED led 1206 SMD smd SMT smt smdled SMDLED smtled SMTLED")
    (path /58CB479C)
    (attr smd)
    (fp_text reference D2 (at 0 -1.6) (layer F.SilkS)
      (effects (font (size 1 1) (thickness 0.15)))
    )
    (fp_text value "Blue LED" (at 0 1.7) (layer F.Fab)
      (effects (font (size 1 1) (thickness 0.15)))
    )
    (fp_line (start -2.5 -0.85) (end -2.5 0.85) (layer F.SilkS) (width 0.12))
    (fp_line (start -0.45 -0.4) (end -0.45 0.4) (layer F.Fab) (width 0.1))
    (fp_line (start -0.4 0) (end 0.2 -0.4) (layer F.Fab) (width 0.1))
    (fp_line (start 0.2 0.4) (end -0.4 0) (layer F.Fab) (width 0.1))
    (fp_line (start 0.2 -0.4) (end 0.2 0.4) (layer F.Fab) (width 0.1))
    (fp_line (start 1.6 0.8) (end -1.6 0.8) (layer F.Fab) (width 0.1))
    (fp_line (start 1.6 -0.8) (end 1.6 0.8) (layer F.Fab) (width 0.1))
    (fp_line (start -1.6 -0.8) (end 1.6 -0.8) (layer F.Fab) (width 0.1))
    (fp_line (start -1.6 0.8) (end -1.6 -0.8) (layer F.Fab) (width 0.1))
    (fp_line (start -2.45 0.85) (end 1.6 0.85) (layer F.SilkS) (width 0.12))
    (fp_line (start -2.45 -0.85) (end 1.6 -0.85) (layer F.SilkS) (width 0.12))
    (fp_line (start 2.65 -1) (end 2.65 1) (layer F.CrtYd) (width 0.05))
    (fp_line (start 2.65 1) (end -2.65 1) (layer F.CrtYd) (width 0.05))
    (fp_line (start -2.65 1) (end -2.65 -1) (layer F.CrtYd) (width 0.05))
    (fp_line (start -2.65 -1) (end 2.65 -1) (layer F.CrtYd) (width 0.05))
    (pad 2 smd rect (at 1.65 0 180) (size 1.5 1.5) (layers F.Cu F.Paste F.Mask)
      (net 20 BlueLED))
    (pad 1 smd rect (at -1.65 0 180) (size 1.5 1.5) (layers F.Cu F.Paste F.Mask)
      (net 21 "Net-(D2-Pad1)"))
    (model LEDs.3dshapes/LED_1206.wrl
      (at (xyz 0 0 0))
      (scale (xyz 1 1 1))
      (rotate (xyz 0 0 180))
    )
  )

  (module Housings_QFP:TQFP-32_7x7mm_Pitch0.8mm locked placed (layer F.Cu) (tedit 54130A77) (tstamp 58CAC087)
    (at 163.9 93.15)
    (descr "32-Lead Plastic Thin Quad Flatpack (PT) - 7x7x1.0 mm Body, 2.00 mm [TQFP] (see Microchip Packaging Specification 00000049BS.pdf)")
    (tags "QFP 0.8")
    (path /58CB4823)
    (attr smd)
